00000000001000000000000010010011
00000000000100000010000000100011
00000000010000000000000010010011
00000000000100000010001000100011
00000000011000000000000010010011
00000000000100000010010000100011
00000000100000000000000010010011
00000000000100000010011000100011
00000000101000000000000010010011
00000000000100000010100000100011
00000000110000000000000010010011
00000000000100000010101000100011
00000000111000000000000010010011
00000000000100000010110000100011
00000001000000000000000010010011
00000000000100000010111000100011
00000001001000000000000010010011
00000010000100000010000000100011
00000001010000000000000010010011
00000010000100000010001000100011
00000000000000000000010100010011
00000010100000000000001000010011
00000000000000000000000100010011
00000000000000010010000110000011
00000000001101010100010001100011
00000000000000011000010100110011
00000000010000010000000100010011
11111110010000010100100011100011